(* ::Package:: *)

(* \:6f14\:7fd2\:691c\:8a3c3 .1 \:554f\:984c\:7528\:6570\:5024\:30c7\:30fc\:30bf *)
(* \:5fc5\:8981\:306a\:884c\:306e\:30b3\:30e1\:30f3\:30c8\:3092\:5916\:3057\:3066\:4f7f\:7528\:3059\:308b\:3053\:3068. *)

(* common parameters *)
e = 130621;
m = "e69c80e696b0e68385e5a0b1e382bbe382ade383a5e383aae38386e382a3e79086e8ab96";


(* parameters of seed "enPiT" *)
(*
p = "bb29ac511b8cf0669c12d324c5204b8eaf6a7d26605e1cfe2ce809c746bda900ad92fb6a73e1b8d755ac3d82959bed6ab2d27ec289282bc2266718e648fb1f3f";
q = "a79f2462a362c03339a269343a8588a97566fef45b6a0ef3b29e521a6d4cc4e74e66541ba85cca5aacdf3bb25f313afdaf1636891abeee039e844dd07973be17";

C = "4adc5814f055956ecbbe0558716d1d4d83a69cf0598be2aeda4328c7eea162a76d2f56c131410fecd77d19a4b1b221c84c89cf03121b1d7a95ec2c8c3e595d4340d729016ea7f4e1ce48f47c4f1eb96c42e6629d44142c00e8a7d80ce25b575fbf69ebc3bfa917ad328abee9ad03d3a79d5476ea8b95bdcdbbd28fcb09173cf4";
*)

(* parameters of seed "SecCap" *)
(*
p = "f40e581829393b9f2b886fe4ece6e2cc1aeb08f04c923b618ba5f8fd5be9f25414c7f3b6df8b6fb18a96a399f35ca4962b1227b6552cd2ad99d17d63558f9389";
q = "98219e9b015c4f13c1f40ec28df6d19761a108f76ce7fa918b15f7c6433f7133e2fd4bfd55bf4c3fee31f6e946f0a43b51f17c1b0e3477f402dc0d6263296621";

C = "68b91f471d5faf86c0a2e79bd85aeda04738fa3f5e0da24c923220b448ae01b491cb378dbc46cbba7bc3b8ea3a90fa7ecca9c6ebbe6ca669950a1e578513e142b4fd1dab4d0e85dc4c8fa3cab2046c74e1f6896974c0a72efdca162d42dfb3b7022ba436c710ee2f72a8f160d2773242e3b9d45418b3ea34cf77272c64001b6b";
*)

(* parameters of seed "crypt" *)
(*
p = "bb65b197c48f6b16e70bade44937ae8b5a1a81824f435cb09d7d97a121535a3d29626e2568eea0e30a4d6f1e2f66283c732c47da6b6ba90f8ee9b197570f3847";
q = "8604c4009242012a6e4650c7d5bae2ea6dc2bfd2627cc96cb0196c514fde2161d12de9f90ea5d0c1b41fee6cac90fe6ee7138c111c554372044b90ae89873ebd";

C = "25b48cf971e880ba2f3455f1c74a227b23a0a37b0bd1a4539a935d56ccebfda276c252bb1688c774eaad9618d0e42236b72bdca75a387a848cff4e24439d5afea188e2212ee692838441af8c7b06ec4d3f6f943f7bbc4917805152fe2c16dd7afa16a9745dab68e7187b1b38e717bad091606ec33a8f13d73a216028e54fc39d";
*)

(* parameters of seed "AISTA" *)
(*
p = "86b7aa1056d28d29e2b8cedf0417c5b72915cd1a1acccb57d4bdc02e305c48235da64f4388c0eb49651d5c8cdb33225dec84e717061d272fe1cba148147427fb";
q = "c7d9fc70fe551cfad32088b05a2d95c3cb1f1228cef6167af9df19fd6c8fafe2d9890ae58d695a1f06ccad735789d6e1ce1926087a48dbc8d20b04cec4d0e58f";

C = "40eff4c76c1483197cb8cd9dbe0f466331958ea8a8aa410fd4eed3908c34c599eb42f6ebd1ac628d625ba0feab07ba185d93b37932e80a64bd07c3d11cc94e1cddcde1b5420506e4c8c9b91aae2eeeb91591196d638c6f6fe65e0f5cfbea77e1879576e9d1b8e3b969cc0da8fb5091f01c1fcc99f1522994b0ce6430c6481748";
*)

(* parameters of seed "Random" *)
(*
p = "8289efb382cb952694ecf255110b6833b98a6d276387d2484bf15c00afac6438a7b3cad4cc8740b2deb6c62e9b23eb4d1a7b865356ce06e4ac73a745e86cdbf5";
q = "f0e5668c799c8dc3a6c768ffd1d7a0fd7c2d786ae61d7566c449f2d6a30e20a12cc48beb5a538541f5655a8e73f6a14f8d51a813ed714f09d9702fda5fa88d73";

C = "6e92538e53781348a80879c10045709b46917dcb129aeb702c1eb8c22593a12e93f092e34deef7bef1d6162fb7ed94a0d8036d26e6c0d8d4b220ed07030a52daba01fd3aeb843d9ee4ed0f65817b303137b98114de913c194e01fd3da2d7f8d421141497d69315d93aaa1654ef05bd2be7bd104cffb62aadbe6472f87f71c78b";
*)
